tokens: ['dog', 'wolf', 'cat', 'dog', 'leash', '.']

unmasked symmetric kernel:
 tensor([[1.0000, 0.5000, 0.5774, 1.0000, 0.7071, 0.8165],
        [0.5000, 1.0000, 0.2887, 0.5000, 0.7071, 0.4082],
        [0.5774, 0.2887, 1.0000, 0.5774, 0.4082, 0.7071],
        [1.0000, 0.5000, 0.5774, 1.0000, 0.7071, 0.8165],
        [0.7071, 0.7071, 0.4082, 0.7071, 1.0000, 0.5774],
        [0.8165, 0.4082, 0.7071, 0.8165, 0.5774, 1.0000]], dtype=torch.float64)

causal row-normalized weights:
 tensor([[1.0000, 0.0000, 0.0000, 0.0000, 0.0000, 0.0000],
        [0.3333, 0.6667, 0.0000, 0.0000, 0.0000, 0.0000],
        [0.3094, 0.1547, 0.5359, 0.0000, 0.0000, 0.0000],
        [0.3250, 0.1625, 0.1876, 0.3250, 0.0000, 0.0000],
        [0.2003, 0.2003, 0.1157, 0.2003, 0.2833, 0.0000],
        [0.1888, 0.0944, 0.1635, 0.1888, 0.1335, 0.2312]], dtype=torch.float64)

row sums:
 tensor([1., 1., 1., 1., 1., 1.], dtype=torch.float64)
